1 1 1 1 1 0 0 0.000000
210106200009161812 123456 kim 14444444441 1 1 2 881.100000
456486464645485613 123456 yui 15555555551 1 0 0 0.000000
210106200545455457 123456 nin 16666666661 1 0 0 0.000000
215646460009161818 123456 jim 17777777771 1 0 0 0.000000
218514616665466819 123456 jack 18888888881 1 0 0 0.000000
131545541450106215 123456 david 18632679761 1 0 0 0.000000
848454541515151822 123456 andy 18641234481 0 0 0 0.000000
845581848454541841 123456 aaa 18785665251 0 0 0 0.000000
456121031516161861 123456 bbb 18684562321 0 0 0 0.000000
451623155009161886 123456 ccc 18640538211 0 0 0 0.000000
849465416519161803 123456 ddd 18648798521 0 0 0 0.000000
651614652155561829 123456 eee 12549568581 0 0 0 0.000000
