A1_101 0 0 60.000000 1.000000 0 0 0 0 0 0 0 0 0 0
A1_102 0 0 60.000000 1.000000 0 0 0 0 0 0 0 0 0 0
A1_103 0 0 60.000000 1.000000 0 0 0 0 0 0 0 0 0 0
A1_104 0 0 60.000000 1.000000 0 0 0 0 0 0 0 0 0 0
A1_105 0 0 60.000000 1.000000 0 0 0 0 0 0 0 0 0 0
A1_106 0 0 60.000000 1.000000 0 0 0 0 0 0 0 0 0 0
A1_107 0 0 60.000000 1.000000 0 0 0 0 0 0 0 0 0 0
A1_108 0 0 60.000000 1.000000 0 0 0 0 0 0 0 0 0 0
A1_109 0 0 60.000000 1.000000 0 0 0 0 0 0 0 0 0 0
A1_110 0 0 60.000000 1.000000 0 0 0 0 0 0 0 0 0 0
A2_201 0 1 90.000000 1.000000 0 0 0 0 0 0 0 0 0 0
A2_202 0 1 90.000000 1.000000 0 0 0 0 0 0 0 0 0 0
A2_203 0 1 90.000000 1.000000 0 0 0 0 0 0 0 0 0 0
A2_204 0 1 90.000000 1.000000 0 0 0 0 0 0 0 0 0 0
A2_205 0 1 90.000000 1.000000 0 0 0 0 0 0 0 0 0 0
A2_206 0 1 90.000000 1.000000 0 0 0 0 0 0 0 0 0 0
A2_207 0 1 90.000000 1.000000 0 0 0 0 0 0 0 0 0 0
A2_208 0 1 90.000000 1.000000 0 0 0 0 0 0 0 0 0 0
A2_209 0 1 90.000000 1.000000 0 0 0 0 0 0 0 0 0 0
A2_210 0 1 90.000000 1.000000 0 0 0 0 0 0 0 0 0 0
B1_301 0 2 500.000000 1.000000 0 0 0 0 0 0 0 0 0 0
B1_302 0 2 500.000000 1.000000 0 0 0 0 0 0 0 0 0 0
B1_303 0 2 500.000000 1.000000 0 0 0 0 0 0 0 0 0 0
B1_304 0 2 500.000000 1.000000 0 0 0 0 0 0 0 0 0 0
B1_305 0 2 500.000000 1.000000 0 0 0 0 0 0 0 0 0 0
B1_306 0 2 500.000000 1.000000 0 0 0 0 0 0 0 0 0 0
B1_307 0 2 500.000000 1.000000 0 0 0 0 0 0 0 0 0 0
B1_308 0 2 500.000000 1.000000 0 0 0 0 0 0 0 0 0 0
B1_309 0 2 500.000000 1.000000 0 0 0 0 0 0 0 0 0 0
B1_310 0 2 500.000000 1.000000 0 0 0 0 0 0 0 0 0 0
B2_401 0 3 220.000000 1.000000 0 0 0 0 0 0 0 0 0 0
B2_402 0 3 220.000000 1.000000 0 0 0 0 0 0 0 0 0 0
B2_403 0 3 220.000000 1.000000 0 0 0 0 0 0 0 0 0 0
B2_404 0 3 220.000000 1.000000 0 0 0 0 0 0 0 0 0 0
B2_405 0 3 220.000000 1.000000 0 0 0 0 0 0 0 0 0 0
B2_406 0 3 220.000000 1.000000 0 0 0 0 0 0 0 0 0 0
B2_407 0 3 220.000000 1.000000 0 0 0 0 0 0 0 0 0 0
B2_408 0 3 220.000000 1.000000 0 0 0 0 0 0 0 0 0 0
B2_409 0 3 220.000000 1.000000 0 0 0 0 0 0 0 0 0 0
B2_410 0 3 220.000000 1.000000 0 0 0 0 0 0 0 0 0 0
